hole 1
3 100 400 1000 400 3
250 500 400
100 1300 150
100 1300 650
hole 2
6 100 400 1200 400 3
125 300 200 
125 500 600 
125 700 200 
125 900 600 
100 1350 575
100 1350 225
hole 3
4 100 400 800 400 3
150 650 400
100 1000 650
100 1000 150
250 1300 400
hole 4
4 100 400 1200 400 4
75 400 400 
75 600 400 
75 800 400 
75 1000 400
hole 5
4 100 400 1000 400 4
100 300 400 
50 500 400 
150 800 400 
200 1250 400
hole 6
10 200 200 200 600 5
65 25 450
65 125 350
65 225 450 
65 325 350 
65 425 450 
65 525 350 
65 625 450 
65 725 350 
200 1000 400
50 1000 750
hole 7
5 25 705 1000 200 3
300 25 400
50 500 300
50 550 350
50 700 500
50 750 550
hole 8
3 100 650 1200 100 3
50 100 710
175 100 200
125 1200 650
hole 9
5 200 450 1000 200 5
50 300 350
50 600 250
50 900 150
25 500 400
100 800 300 